BootCurrent: 0000
Timeout: 3 seconds
BootOrder: 0000,000A,0004,000B,0002,0003,2001,2002,2003
Boot0000* Garuda	HD(1,GPT,22c20497-258e-4c35-841f-38d9f5d23c0e,0x800,0x82000)/\EFI\Garuda\grubx64.efi
      dp: 04 01 2a 00 01 00 00 00 00 08 00 00 00 00 00 00 00 20 08 00 00 00 00 00 97 04 c2 22 8e 25 35 4c 84 1f 38 d9 f5 d2 3c 0e 02 02 / 04 04 34 00 5c 00 45 00 46 00 49 00 5c 00 47 00 61 00 72 00 75 00 64 00 61 00 5c 00 67 00 72 00 75 00 62 00 78 00 36 00 34 00 2e 00 65 00 66 00 69 00 00 00 / 7f ff 04 00
Boot0001* EFI USB Device (KingstonDataTraveler 3.0)	UsbWwid(951,1666,0,408D5CE4B641E940F93F122)/HD(2,MBR,0x919f652,0xe6f0000,0x10000)RC
      dp: 03 10 3a 00 00 00 51 09 66 16 34 00 30 00 38 00 44 00 35 00 43 00 45 00 34 00 42 00 36 00 34 00 31 00 45 00 39 00 34 00 30 00 46 00 39 00 33 00 46 00 31 00 32 00 32 00 33 00 / 04 01 2a 00 02 00 00 00 00 00 6f 0e 00 00 00 00 00 00 01 00 00 00 00 00 52 f6 19 09 00 00 00 00 00 00 00 00 00 00 00 00 01 01 / 7f ff 04 00
    data: 52 43
Boot0002* ubuntu	HD(1,GPT,22c20497-258e-4c35-841f-38d9f5d23c0e,0x800,0x82000)/\EFI\ubuntu\shimx64.efiRC
      dp: 04 01 2a 00 01 00 00 00 00 08 00 00 00 00 00 00 00 20 08 00 00 00 00 00 97 04 c2 22 8e 25 35 4c 84 1f 38 d9 f5 d2 3c 0e 02 02 / 04 04 34 00 5c 00 45 00 46 00 49 00 5c 00 75 00 62 00 75 00 6e 00 74 00 75 00 5c 00 73 00 68 00 69 00 6d 00 78 00 36 00 34 00 2e 00 65 00 66 00 69 00 00 00 / 7f ff 04 00
    data: 52 43
Boot0003* EFI Hard Drive (KINGSTON SFYRDK2000G)	PciRoot(0x0)/Pci(0x6,0x0)/Pci(0x0,0x0)/NVMe(0x1,00-26-B7-28-36-4A-58-15)/HD(8,GPT,2092335d-9502-49e5-99d6-6d05899a26fc,0xd42bc000,0x200000)RC
      dp: 02 01 0c 00 d0 41 03 0a 00 00 00 00 / 01 01 06 00 00 06 / 01 01 06 00 00 00 / 03 17 10 00 01 00 00 00 00 26 b7 28 36 4a 58 15 / 04 01 2a 00 08 00 00 00 00 c0 2b d4 00 00 00 00 00 00 20 00 00 00 00 00 5d 33 92 20 02 95 e5 49 99 d6 6d 05 89 9a 26 fc 02 02 / 7f ff 04 00
    data: 52 43
Boot0004* ARCH	HD(1,GPT,22c20497-258e-4c35-841f-38d9f5d23c0e,0x800,0x82000)/\EFI\ARCH\grubx64.efi
      dp: 04 01 2a 00 01 00 00 00 00 08 00 00 00 00 00 00 00 20 08 00 00 00 00 00 97 04 c2 22 8e 25 35 4c 84 1f 38 d9 f5 d2 3c 0e 02 02 / 04 04 30 00 5c 00 45 00 46 00 49 00 5c 00 41 00 52 00 43 00 48 00 5c 00 67 00 72 00 75 00 62 00 78 00 36 00 34 00 2e 00 65 00 66 00 69 00 00 00 / 7f ff 04 00
Boot0005* EFI PXE 0 for IPv4 (F8-E4-3B-10-D9-F5) 	PciRoot(0x0)/Pci(0xd,0x0)/USB(2,0)/MAC(f8e43b10d9f5,1)/IPv4(0.0.0.0,0,DHCP,0.0.0.0,0.0.0.0,0.0.0.0)RC
      dp: 02 01 0c 00 d0 41 03 0a 00 00 00 00 / 01 01 06 00 00 0d / 03 05 06 00 02 00 / 03 0b 25 00 f8 e4 3b 10 d9 f5 00 00 00 00 00 00 00 00 00 00 00 00 00 00 00 00 00 00 00 00 00 00 00 00 00 00 01 / 03 0c 1b 00 00 00 00 00 00 00 00 00 00 00 00 00 00 00 00 00 00 00 00 00 00 00 00 / 7f ff 04 00
    data: 52 43
Boot0006* EFI PXE 0 for IPv6 (F8-E4-3B-10-D9-F5) 	PciRoot(0x0)/Pci(0xd,0x0)/USB(2,0)/MAC(f8e43b10d9f5,1)/IPv6([::],0,Static,[::],[::],64)RC
      dp: 02 01 0c 00 d0 41 03 0a 00 00 00 00 / 01 01 06 00 00 0d / 03 05 06 00 02 00 / 03 0b 25 00 f8 e4 3b 10 d9 f5 00 00 00 00 00 00 00 00 00 00 00 00 00 00 00 00 00 00 00 00 00 00 00 00 00 00 01 / 03 0d 3c 00 00 00 00 00 00 00 00 00 00 00 00 00 00 00 00 00 00 00 00 00 00 00 00 00 00 00 00 00 00 00 00 00 00 00 00 00 00 00 00 40 00 00 00 00 00 00 00 00 00 00 00 00 00 00 00 00 / 7f ff 04 00
    data: 52 43
Boot0008* EFI PXE 0 for IPv6 (F8-E4-3B-10-D9-F5) 	PciRoot(0x0)/Pci(0xd,0x0)/USB(2,0)/MAC(f8e43b10d9f5,1)/IPv6([::],0,Static,[::],[::],64)RC
      dp: 02 01 0c 00 d0 41 03 0a 00 00 00 00 / 01 01 06 00 00 0d / 03 05 06 00 02 00 / 03 0b 25 00 f8 e4 3b 10 d9 f5 00 00 00 00 00 00 00 00 00 00 00 00 00 00 00 00 00 00 00 00 00 00 00 00 00 00 01 / 03 0d 3c 00 00 00 00 00 00 00 00 00 00 00 00 00 00 00 00 00 00 00 00 00 00 00 00 00 00 00 00 00 00 00 00 00 00 00 00 00 00 00 00 40 00 00 00 00 00 00 00 00 00 00 00 00 00 00 00 00 / 7f ff 04 00
    data: 52 43
Boot0009* Linux Boot Manager	HD(8,GPT,2092335d-9502-49e5-99d6-6d05899a26fc,0xd42bc000,0x200000)/\EFI\systemd\systemd-bootx64.efi
      dp: 04 01 2a 00 08 00 00 00 00 c0 2b d4 00 00 00 00 00 00 20 00 00 00 00 00 5d 33 92 20 02 95 e5 49 99 d6 6d 05 89 9a 26 fc 02 02 / 04 04 46 00 5c 00 45 00 46 00 49 00 5c 00 73 00 79 00 73 00 74 00 65 00 6d 00 64 00 5c 00 73 00 79 00 73 00 74 00 65 00 6d 00 64 00 2d 00 62 00 6f 00 6f 00 74 00 78 00 36 00 34 00 2e 00 65 00 66 00 69 00 00 00 / 7f ff 04 00
Boot000A* NixOS	HD(1,GPT,22c20497-258e-4c35-841f-38d9f5d23c0e,0x800,0x82000)/\EFI\systemd\systemd-bootx64.efi
      dp: 04 01 2a 00 01 00 00 00 00 08 00 00 00 00 00 00 00 20 08 00 00 00 00 00 97 04 c2 22 8e 25 35 4c 84 1f 38 d9 f5 d2 3c 0e 02 02 / 04 04 46 00 5c 00 45 00 46 00 49 00 5c 00 73 00 79 00 73 00 74 00 65 00 6d 00 64 00 5c 00 73 00 79 00 73 00 74 00 65 00 6d 00 64 00 2d 00 62 00 6f 00 6f 00 74 00 78 00 36 00 34 00 2e 00 65 00 66 00 69 00 00 00 / 7f ff 04 00
Boot000B* Windows Boot Manager	HD(1,GPT,22c20497-258e-4c35-841f-38d9f5d23c0e,0x800,0x82000)/\EFI\Microsoft\Boot\bootmgfw.efi57494e444f5753000100000088000000780000004200430044004f0042004a004500430054003d007b00390064006500610038003600320063002d0035006300640064002d0034006500370030002d0061006300630031002d006600330032006200330034003400640034003700390035007d00000044000100000010000000040000007fff0400
      dp: 04 01 2a 00 01 00 00 00 00 08 00 00 00 00 00 00 00 20 08 00 00 00 00 00 97 04 c2 22 8e 25 35 4c 84 1f 38 d9 f5 d2 3c 0e 02 02 / 04 04 46 00 5c 00 45 00 46 00 49 00 5c 00 4d 00 69 00 63 00 72 00 6f 00 73 00 6f 00 66 00 74 00 5c 00 42 00 6f 00 6f 00 74 00 5c 00 62 00 6f 00 6f 00 74 00 6d 00 67 00 66 00 77 00 2e 00 65 00 66 00 69 00 00 00 / 7f ff 04 00
    data: 57 49 4e 44 4f 57 53 00 01 00 00 00 88 00 00 00 78 00 00 00 42 00 43 00 44 00 4f 00 42 00 4a 00 45 00 43 00 54 00 3d 00 7b 00 39 00 64 00 65 00 61 00 38 00 36 00 32 00 63 00 2d 00 35 00 63 00 64 00 64 00 2d 00 34 00 65 00 37 00 30 00 2d 00 61 00 63 00 63 00 31 00 2d 00 66 00 33 00 32 00 62 00 33 00 34 00 34 00 64 00 34 00 37 00 39 00 35 00 7d 00 00 00 44 00 01 00 00 00 10 00 00 00 04 00 00 00 7f ff 04 00
Boot000C* Windows Boot Manager on Disk1	HD(1,GPT,9a6615bc-05c7-4843-6982-8d664673f004,0x800,0x82000)/\EFI\Microsoft\Boot\bootmgfw.efi57494e444f5753000100000088000000780000004200430044004f0042004a004500430054003d007b00310037006500640034003000390031002d0035003000310031002d0031003100660031002d0039006100620035002d006400340061006200360031006600300038006200320038007d0000000e000100000010000000040000007fff0400
      dp: 04 01 2a 00 01 00 00 00 00 08 00 00 00 00 00 00 00 20 08 00 00 00 00 00 bc 15 66 9a c7 05 43 48 69 82 8d 66 46 73 f0 04 02 02 / 04 04 46 00 5c 00 45 00 46 00 49 00 5c 00 4d 00 69 00 63 00 72 00 6f 00 73 00 6f 00 66 00 74 00 5c 00 42 00 6f 00 6f 00 74 00 5c 00 62 00 6f 00 6f 00 74 00 6d 00 67 00 66 00 77 00 2e 00 65 00 66 00 69 00 00 00 / 7f ff 04 00
    data: 57 49 4e 44 4f 57 53 00 01 00 00 00 88 00 00 00 78 00 00 00 42 00 43 00 44 00 4f 00 42 00 4a 00 45 00 43 00 54 00 3d 00 7b 00 31 00 37 00 65 00 64 00 34 00 30 00 39 00 31 00 2d 00 35 00 30 00 31 00 31 00 2d 00 31 00 31 00 66 00 31 00 2d 00 39 00 61 00 62 00 35 00 2d 00 64 00 34 00 61 00 62 00 36 00 31 00 66 00 30 00 38 00 62 00 32 00 38 00 7d 00 00 00 0e 00 01 00 00 00 10 00 00 00 04 00 00 00 7f ff 04 00
Boot2001* EFI USB Device	RC
      dp: 7f ff 04 00
    data: 52 43
Boot2002* EFI DVD/CDROM	RC
      dp: 7f ff 04 00
    data: 52 43
Boot2003* EFI Network	RC
      dp: 7f ff 04 00
    data: 52 43
